-190 22.78 22.35 21.93 21.50 21.08 20.66 20.23 19.81 19.38 18.96
-180 27.01 26.59 26.17 25.74 25.32 24.90 24.47 24.05 23.63 23.20
-170 31.24 30.81 30.39 29.97 29.55 29.13 28.70 28.28 27.86 27.44
-160 35.45 35.03 34.61 34.19 33.77 33.34 32.92 32.50 32.08 31.66
-150 39.65 39.23 38.81 38.39 37.97 37.55 37.13 36.71 36.29 35.87
-140 43.78 43.37 42.96 42.54 42.13 41.72 41.30 40.89 40.48 40.06
-130 47.90 47.49 47.08 46.67 46.26 45.85 45.43 45.02 44.61 44.20
-120 52.01 51.60 51.19 50.78 50.37 49.96 49.55 49.14 48.73 48.32
-110 56.11 55.70 55.29 54.88 54.48 54.07 53.66 53.25 52.84 52.43
-100 60.20 59.79 59.38 58.98 58.57 58.16 57.75 57.34 56.93 56.52
-90 64.23 63.83 63.43 63.02 62.62 62.22 61.81 61.41 61.01 60.60
-80 68.25 67.85 67.45 67.05 66.65 66.25 65.84 65.44 65.04 64.64
-70 72.26 71.86 71.46 71.06 70.66 70.26 69.86 69.46 69.06 68.66
-60 76.26 75.86 75.46 75.06 74.67 74.27 73.87 73.47 73.07 72.67
-50 80.25 79.85 79.45 79.06 78.66 78.26 77.86 77.46 77.06 76.66
-40 84.22 83.83 83.43 83.03 82.64 82.24 81.84 81.44 81.05 80.65
-30 88.18 87.79 87.39 87.00 86.60 86.21 85.81 85.41 85.02 84.62
-20 92.13 91.74 91.35 90.95 90.56 90.16 89.77 89.37 88.98 88.58
-10 96.07 95.68 95.29 94.89 94.50 94.11 93.71 93.32 92.92 92.53
0 100.00 99.61 99.22 98.82 98.43 98.04 97.65 97.25 96.86 96.47
0 100.00 100.39 100.78 101.17 101.56 101.95 102.34 102.73 103.12 103.51
10 103.90 104.29 104.68 105.07 105.46 105.85 106.24 106.63 107.02 107.41
20 107.79 108.18 108.57 108.96 109.35 109.74 110.12 110.51 110.90 111.29
30 111.67 112.06 112.45 112.84 113.22 113.61 114.00 114.38 114.77 115.16
40 115.54 115.93 116.32 116.70 117.09 117.47 117.86 118.24 118.63 119.01
